# Fix print output for fix result_iterate
0 300
10 155.761036422208
20 172.587255545843
30 198.457268330266
40 218.70001328268
50 237.304134717088
60 262.521470113946
70 285.334047192543
80 301.077845515035
90 310.652496428351
100 307.439754813501
100 307.439754813501
110 301.397907540943
120 288.249592186091
130 289.498364087961
140 298.422495243624
150 306.515824872733
160 304.703344802553
170 306.285708334584
180 302.778664695128
190 295.854717146323
200 293.690155213399
200 293.690155213399
210 298.383970617511
220 301.867366022474
230 303.399616262718
240 298.568393566703
250 298.39737897881
260 298.15312426095
270 299.68510625844
280 300.361171968203
290 302.104961588764
300 302.574814579985
300 302.574814579985
310 302.92409428016
320 296.147029377857
330 299.997705079536
340 299.256219155907
350 303.661920583386
360 302.705154590131
370 301.795872349392
380 298.27839502175
390 298.641264529888
400 297.402151492093
400 297.402151492093
410 302.909583867999
420 301.694701492914
430 300.527000475067
440 296.646788329014
450 296.516992650549
460 298.641466406629
470 299.41266821341
480 301.59067175118
490 302.224483170357
500 299.516203649391
500 299.516203649392
510 299.483946354154
520 300.304602392765
530 303.89707228942
540 299.496098508968
550 302.179464513221
560 301.475792788913
570 301.599655033054
580 299.707047615309
590 296.526086497322
600 301.914661312965
600 301.914661312964
610 298.738208070119
620 296.037506374861
630 298.607016535081
640 298.265981533054
650 303.340479185965
660 297.115330569753
670 298.27531551615
680 302.074807333543
690 300.928972232599
700 296.907378892158
700 296.907378892158
710 299.085244014511
720 298.9830496039
730 304.813302325203
740 301.571032459953
750 301.569232519491
760 298.21556888387
770 296.345477909457
780 298.237085148799
790 298.713017361311
800 297.908381823157
800 297.908381823157
810 301.882471342735
820 299.426341220156
830 300.046667968653
840 296.116516474091
850 298.039461630599
860 304.427079663225
870 302.354837789262
880 299.685532850765
890 300.531458494362
900 302.836673134832
900 302.836673134832
910 298.158574786171
920 302.300974504161
930 302.084317005997
940 301.512922347325
950 302.190692757366
960 298.231960904701
970 301.727002039266
980 299.69525864821
990 301.133896147555
1000 298.328326440793
