# Chunk-averaged data for fix 2 and group all
# Timestep Number-of-chunks Total-count
# Chunk Coord1 Ncount v_temp
120 20 767.9999999999999
  1 0.025 53.64 321.551
  2 0.075 42.36 323.928
  3 0.125 32 307.58
  4 0.175 32 307.128
  5 0.225 32 289.117
  6 0.275 32 323.633
  7 0.325 48.66 332.285
  8 0.375 47.28 321.137
  9 0.425 32.06 300.521
  10 0.475 32 278.87
  11 0.525 32 266.961
  12 0.575 32 262.979
  13 0.625 36.02 264.482
  14 0.675 59.48 267.587
  15 0.725 32.5 257.71
  16 0.775 32 291.177
  17 0.825 32 254.764
  18 0.875 32 265.487
  19 0.925 33.72 248.648
  20 0.975 62.28 246.998
240 20 768
  1 0.025 57.86 320.082
  2 0.075 38.14 387.457
  3 0.125 32 362.683
  4 0.175 32 326.676
  5 0.225 32 337.954
  6 0.275 32 321.878
  7 0.325 46.8 306.31
  8 0.375 49.2 292.857
  9 0.425 32 311.688
  10 0.475 32 304.838
  11 0.525 32 275.512
  12 0.575 32 293.846
  13 0.625 38.62 281.016
  14 0.675 57.22 278.142
  15 0.725 32.16 284.587
  16 0.775 32 288.326
  17 0.825 32 270.501
  18 0.875 32 249.284
  19 0.925 34.02 254.402
  20 0.975 61.98 240.638
360 20 768
  1 0.025 55.02 364.085
  2 0.075 40.98 380.416
  3 0.125 32 330.202
  4 0.175 32 350.158
  5 0.225 32 339.006
  6 0.275 32 346.579
  7 0.325 45.26 307
  8 0.375 50.58 306.685
  9 0.425 32.16 281.658
  10 0.475 32 268.938
  11 0.525 32 250.004
  12 0.575 32 258.655
  13 0.625 35.14 273.368
  14 0.675 58.98 275.085
  15 0.725 33.88 273.552
  16 0.775 32 262.663
  17 0.825 32 257.566
  18 0.875 32 253.646
  19 0.925 32.6 251.571
  20 0.975 63.4 232.049
480 20 767.9999999999999
  1 0.025 53.9 362.647
  2 0.075 42.08 399.992
  3 0.125 32.02 363.816
  4 0.175 32 302.358
  5 0.225 32 286.534
  6 0.275 32.02 306.749
  7 0.325 41.66 345.566
  8 0.375 54.12 277.881
  9 0.425 32.2 293.135
  10 0.475 32 308.229
  11 0.525 32 291.114
  12 0.575 32 276.237
  13 0.625 35.16 283.307
  14 0.675 60.66 267.603
  15 0.725 32.18 278.572
  16 0.775 32 245.039
  17 0.825 32 250.376
  18 0.875 32 247.453
  19 0.925 33.36 251.882
  20 0.975 62.64 231.659
600 20 768
  1 0.025 52.72 343.772
  2 0.075 43.28 380.665
  3 0.125 32 399.223
  4 0.175 32 327.637
  5 0.225 32 318.133
  6 0.275 32 326.769
  7 0.325 41.78 301.975
  8 0.375 54.22 298.682
  9 0.425 32 316.454
  10 0.475 32 264.889
  11 0.525 32 262.794
  12 0.575 32 293.934
  13 0.625 35.08 286.508
  14 0.675 60.46 281.426
  15 0.725 32.46 276.11
  16 0.775 32 287.768
  17 0.825 32 254.316
  18 0.875 32 258.108
  19 0.925 32.92 251.358
  20 0.975 63.08 228.292
720 20 768
  1 0.025 48.4 345.046
  2 0.075 47.26 388.744
  3 0.125 32.34 347.707
  4 0.175 32 355.097
  5 0.225 32 314.323
  6 0.275 32 312.736
  7 0.325 40.42 288.418
  8 0.375 55.04 319.883
  9 0.425 32.54 266.334
  10 0.475 32 250.223
  11 0.525 32 271.366
  12 0.575 32 285.35
  13 0.625 33.02 280.905
  14 0.675 58.46 266.906
  15 0.725 36.52 247.414
  16 0.775 32 217.335
  17 0.825 32 248.702
  18 0.875 32 251.679
  19 0.925 32.62 269.115
  20 0.975 63.38 224.4
840 20 768
  1 0.025 46.64 354.506
  2 0.075 49.02 360.306
  3 0.125 32.34 333.929
  4 0.175 32 362.2
  5 0.225 32 347.358
  6 0.275 32 336.652
  7 0.325 36.56 342.665
  8 0.375 58.36 320.01
  9 0.425 33.08 328.106
  10 0.475 32 316.642
  11 0.525 32 310.006
  12 0.575 32 303.551
  13 0.625 34.04 286.874
  14 0.675 61.2 282.496
  15 0.725 32.76 280.454
  16 0.775 32 246.446
  17 0.825 32 230.39
  18 0.875 32 227.864
  19 0.925 32.5 216.169
  20 0.975 63.5 195.057
960 20 768
  1 0.025 50.68 406.34
  2 0.075 45.24 361.936
  3 0.125 32.08 320.745
  4 0.175 32 285.766
  5 0.225 32 275.06
  6 0.275 32.06 316.934
  7 0.325 42.3 302.572
  8 0.375 53.44 284.881
  9 0.425 32.2 314.123
  10 0.475 32 271.704
  11 0.525 32 286.482
  12 0.575 32 300.164
  13 0.625 33.3 266.358
  14 0.675 59.52 276.397
  15 0.725 35.18 255.344
  16 0.775 32 234.547
  17 0.825 32 243.369
  18 0.875 32 231.645
  19 0.925 32.76 234.318
  20 0.975 63.24 190.694
1080 20 768
  1 0.025 47.48 363.664
  2 0.075 48.16 379.297
  3 0.125 32.36 359.281
  4 0.175 32 348.287
  5 0.225 32 315.107
  6 0.275 32 321.154
  7 0.325 34.28 320.823
  8 0.375 60.04 343.941
  9 0.425 33.68 318.536
  10 0.475 32 297.071
  11 0.525 32 287.774
  12 0.575 32 325.174
  13 0.625 33.58 271.509
  14 0.675 61.2 284.985
  15 0.725 33.22 260.404
  16 0.775 32 251.005
  17 0.825 32 242.455
  18 0.875 32 235.211
  19 0.925 33.54 226.548
  20 0.975 62.46 199.125
1200 20 768
  1 0.025 56.26 351.527
  2 0.075 39.74 372.962
  3 0.125 32 357.783
  4 0.175 32 337.082
  5 0.225 32 333.787
  6 0.275 32.12 326.25
  7 0.325 42.32 318.676
  8 0.375 53.32 295.495
  9 0.425 32.24 282.9
  10 0.475 32 280.653
  11 0.525 32 297.271
  12 0.575 32 262.53
  13 0.625 32.12 274.589
  14 0.675 58.38 242.826
  15 0.725 37.5 244.223
  16 0.775 32 216.631
  17 0.825 32 241.042
  18 0.875 32 224.604
  19 0.925 32.2 214.05
  20 0.975 63.8 184.038
